t_min	J_o
0.0000000000	0.1568662459
0.0166666667	0.5198022861
0.0333333333	0.5089813980
0.0500000000	0.4980953302
0.0666666667	0.4876793160
0.0833333333	0.4777957785
0.1000000000	0.4684405128
0.1166666667	0.4595925931
0.1333333333	0.4512248354
0.1500000000	0.4430739037
0.1666666667	0.4355378753
0.1833333333	0.4283996449
0.2000000000	0.4216303805
0.2166666667	0.4152030994
0.2333333333	0.4090927870
0.2500000000	0.4032763919
0.2666666667	0.3977327522
0.2833333333	0.3924424854
0.3000000000	0.3873878600
0.3166666667	0.3825526627
0.3333333333	0.3779220671
0.3500000000	0.3734825087
0.3666666667	0.3692215677
0.3833333333	0.3651278618
0.4000000000	0.3611909474
0.4166666667	0.3574012307
0.4333333333	0.3537498873
0.4500000000	0.3502287893
0.4666666667	0.3468304402
0.4833333333	0.3435479164
0.5000000000	0.3403748149
0.5166666667	0.3373052056
0.5333333333	0.3343335891
0.5500000000	0.3314548588
0.5666666667	0.3286642666
0.5833333333	0.3259573920
0.6000000000	0.3233301143
0.6166666667	0.3207785877
0.6333333333	0.3182992185
0.6500000000	0.3158886448
0.6666666667	0.3135437179
0.6833333333	0.3112614858
0.7000000000	0.3090391773
0.7166666667	0.3068741888
0.7333333333	0.3047640716
0.7500000000	0.3027065199
0.7666666667	0.3006993610
0.7833333333	0.2987405454
0.8000000000	0.2968281379
0.8166666667	0.2949603100
0.8333333333	0.2931353322
0.8500000000	0.2913515673
0.8666666667	0.2896074644
0.8833333333	0.2879015530
0.9000000000	0.2862324377
0.9166666667	0.2845987937
0.9333333333	0.2829993619
0.9500000000	0.2814329450
0.9666666667	0.2798984036
0.9833333333	0.2783946527
1.0000000000	0.2769206586
1.0166666667	0.2754754354
1.0333333333	0.2740580426
1.0500000000	0.2726675821
1.0666666667	0.2713031964
1.0833333333	0.2699640654
1.1000000000	0.2686494052
1.1166666667	0.2673584653
1.1333333333	0.2660905274
1.1500000000	0.2648449034
1.1666666667	0.2636209337
1.1833333333	0.2624179860
1.2000000000	0.2612354534
1.2166666667	0.2600727535
1.2333333333	0.2589293271
1.2500000000	0.2578046368
1.2666666667	0.2566981662
1.2833333333	0.2556094186
1.3000000000	0.2545379162
1.3166666667	0.2534831992
1.3333333333	0.2524448248
1.3500000000	0.2514223666
1.3666666667	0.2504154135
1.3833333333	0.2494235693
1.4000000000	0.2484464521
1.4166666667	0.2474836933
1.4333333333	0.2465349372
1.4500000000	0.2455998403
1.4666666667	0.2446780710
1.4833333333	0.2437693090
1.5000000000	0.2428732445
1.5166666667	0.2419895782
1.5333333333	0.2411180207
1.5500000000	0.2402582918
1.5666666667	0.2394101206
1.5833333333	0.2385732448
1.6000000000	0.2377474104
1.6166666667	0.2369323712
1.6333333333	0.2361278891
1.6500000000	0.2353337330
1.6666666667	0.2345496791
1.6833333333	0.2337755100
1.7000000000	0.2330110154
1.7166666667	0.2322559908
1.7333333333	0.2315102380
1.7500000000	0.2307735645
1.7666666667	0.2300457834
1.7833333333	0.2293267132
1.8000000000	0.2286161777
1.8166666667	0.2279140056
1.8333333333	0.2272200302
1.8500000000	0.2265340899
1.8666666667	0.2258560271
1.8833333333	0.2251856890
1.9000000000	0.2245229264
1.9166666667	0.2238675947
1.9333333333	0.2232195528
1.9500000000	0.2225786635
1.9666666667	0.2219447932
1.9833333333	0.2213178117
2.0000000000	0.2206975923
2.0166666667	0.2200840115
2.0333333333	0.2194769491
2.0500000000	0.2188762878
2.0666666667	0.2182819134
2.0833333333	0.2176937143
2.1000000000	0.2171115819
2.1166666667	0.2165354102
2.1333333333	0.2159650960
2.1500000000	0.2154005382
2.1666666667	0.2148416385
2.1833333333	0.2142883009
2.2000000000	0.2137404315
2.2166666667	0.2131979387
2.2333333333	0.2126607333
2.2500000000	0.2121287278
2.2666666667	0.2116018369
2.2833333333	0.2110799774
2.3000000000	0.2105630679
2.3166666667	0.2100510286
2.3333333333	0.2095437819
2.3500000000	0.2090412518
2.3666666667	0.2085433638
2.3833333333	0.2080500453
2.4000000000	0.2075612252
2.4166666667	0.2070768340
2.4333333333	0.2065968036
2.4500000000	0.2061210674
2.4666666667	0.2056495604
2.4833333333	0.2051822188
2.5000000000	0.2047189801
2.5166666667	0.2042597833
2.5333333333	0.2038045686
2.5500000000	0.2033532774
2.5666666667	0.2029058524
2.5833333333	0.2024622374
2.6000000000	0.2020223773
2.6166666667	0.2015862183
2.6333333333	0.2011537075
2.6500000000	0.2007247932
2.6666666667	0.2002994246
2.6833333333	0.1998775520
2.7000000000	0.1994591267
2.7166666667	0.1990441008
2.7333333333	0.1986324276
2.7500000000	0.1982240610
2.7666666667	0.1978189560
2.7833333333	0.1974170684
2.8000000000	0.1970183549
2.8166666667	0.1966227729
2.8333333333	0.1962302806
2.8500000000	0.1958408371
2.8666666667	0.1954544023
2.8833333333	0.1950709367
2.9000000000	0.1946904015
2.9166666667	0.1943127588
2.9333333333	0.1939379712
2.9500000000	0.1935660021
2.9666666667	0.1931968155
2.9833333333	0.1928303762
3.0000000000	0.1924666493
3.0166666667	0.1921056009
3.0333333333	0.1917471974
3.0500000000	0.1913914060
3.0666666667	0.1910381943
3.0833333333	0.1906875306
3.1000000000	0.1903393836
3.1166666667	0.1899937228
3.1333333333	0.1896505179
3.1500000000	0.1893097394
3.1666666667	0.1889713582
3.1833333333	0.1886353455
3.2000000000	0.1883016733
3.2166666667	0.1879703138
3.2333333333	0.1876412399
3.2500000000	0.1873144248
3.2666666667	0.1869898421
3.2833333333	0.1866674660
3.3000000000	0.1863472710
3.3166666667	0.1860292321
3.3333333333	0.1857133245
3.3500000000	0.1853995241
3.3666666667	0.1850878069
3.3833333333	0.1847781495
3.4000000000	0.1844705288
3.4166666667	0.1841649220
3.4333333333	0.1838613067
3.4500000000	0.1835596609
3.4666666667	0.1832599629
3.4833333333	0.1829621913
3.5000000000	0.1826663251
3.5166666667	0.1823723437
3.5333333333	0.1820802265
3.5500000000	0.1817899536
3.5666666667	0.1815015051
3.5833333333	0.1812148615
3.6000000000	0.1809300038
3.6166666667	0.1806469130
3.6333333333	0.1803655704
3.6500000000	0.1800859578
3.6666666667	0.1798080570
3.6833333333	0.1795318503
3.7000000000	0.1792573202
3.7166666667	0.1789844493
3.7333333333	0.1787132206
3.7500000000	0.1784436173
3.7666666667	0.1781756229
3.7833333333	0.1779092211
3.8000000000	0.1776443957
3.8166666667	0.1773811311
3.8333333333	0.1771194114
3.8500000000	0.1768592213
3.8666666667	0.1766005457
3.8833333333	0.1763433695
3.9000000000	0.1760876780
3.9166666667	0.1758334567
3.9333333333	0.1755806911
3.9500000000	0.1753293671
3.9666666667	0.1750794708
3.9833333333	0.1748309883
4.0000000000	0.1745839061
4.0166666667	0.1743382107
4.0333333333	0.1740938891
4.0500000000	0.1738509280
4.0666666667	0.1736093146
4.0833333333	0.1733690362
4.1000000000	0.1731300804
4.1166666667	0.1728924346
4.1333333333	0.1726560868
4.1500000000	0.1724210248
4.1666666667	0.1721872369
4.1833333333	0.1719547112
4.2000000000	0.1717234361
4.2166666667	0.1714934003
4.2333333333	0.1712645925
4.2500000000	0.1710370015
4.2666666667	0.1708106164
4.2833333333	0.1705854262
4.3000000000	0.1703614203
4.3166666667	0.1701385881
4.3333333333	0.1699169191
4.3500000000	0.1696964030
4.3666666667	0.1694770296
4.3833333333	0.1692587889
4.4000000000	0.1690416709
4.4166666667	0.1688256659
4.4333333333	0.1686107640
4.4500000000	0.1683969558
4.4666666667	0.1681842318
4.4833333333	0.1679725827
4.5000000000	0.1677619991
4.5166666667	0.1675524721
4.5333333333	0.1673439925
4.5500000000	0.1671365516
4.5666666667	0.1669301404
4.5833333333	0.1667247504
4.6000000000	0.1665203729
4.6166666667	0.1663169995
4.6333333333	0.1661146217
4.6500000000	0.1659132313
4.6666666667	0.1657128201
4.6833333333	0.1655133801
4.7000000000	0.1653149031
4.7166666667	0.1651173814
4.7333333333	0.1649208070
4.7500000000	0.1647251724
4.7666666667	0.1645304698
4.7833333333	0.1643366916
4.8000000000	0.1641438306
4.8166666667	0.1639518792
4.8333333333	0.1637608301
4.8500000000	0.1635706762
4.8666666667	0.1633814104
4.8833333333	0.1631930256
4.9000000000	0.1630055148
4.9166666667	0.1628188711
4.9333333333	0.1626330877
4.9500000000	0.1624481579
4.9666666667	0.1622640750
4.9833333333	0.1620808325
5.0000000000	0.1618984237
5.0166666667	0.1617168423
5.0333333333	0.1615360819
5.0500000000	0.1613561362
5.0666666667	0.1611769989
5.0833333333	0.1609986638
5.1000000000	0.1608211249
5.1166666667	0.1606443762
5.1333333333	0.1604684115
5.1500000000	0.1602932251
5.1666666667	0.1601188111
5.1833333333	0.1599451636
5.2000000000	0.1597722771
5.2166666667	0.1596001457
5.2333333333	0.1594287639
5.2500000000	0.1592581262
5.2666666667	0.1590882270
5.2833333333	0.1589190610
5.3000000000	0.1587506227
5.3166666667	0.1585829068
5.3333333333	0.1584159081
5.3500000000	0.1582496213
5.3666666667	0.1580840414
5.3833333333	0.1579191631
5.4000000000	0.1577549815
5.4166666667	0.1575914915
5.4333333333	0.1574286881
5.4500000000	0.1572665666
5.4666666667	0.1571051220
5.4833333333	0.1569443495
5.5000000000	0.1567842444
5.5166666667	0.1566248020
5.5333333333	0.1564660175
5.5500000000	0.1563078865
5.5666666667	0.1561504042
5.5833333333	0.1559935663
5.6000000000	0.1558373681
5.6166666667	0.1556818054
5.6333333333	0.1555268736
5.6500000000	0.1553725685
5.6666666667	0.1552188857
5.6833333333	0.1550658210
5.7000000000	0.1549133701
5.7166666667	0.1547615288
5.7333333333	0.1546102931
5.7500000000	0.1544596588
5.7666666667	0.1543096218
5.7833333333	0.1541601782
5.8000000000	0.1540113239
5.8166666667	0.1538630550
5.8333333333	0.1537153675
5.8500000000	0.1535682577
5.8666666667	0.1534217216
5.8833333333	0.1532757554
5.9000000000	0.1531303555
5.9166666667	0.1529855180
5.9333333333	0.1528412393
5.9500000000	0.1526975156
5.9666666667	0.1525543434
5.9833333333	0.1524117191
6.0000000000	0.1522696391
6.0166666667	0.1521280999
6.0333333333	0.1519870980
6.0500000000	0.1518466299
6.0666666667	0.1517066921
6.0833333333	0.1515672814
6.1000000000	0.1514283942
6.1166666667	0.1512900273
6.1333333333	0.1511521773
6.1500000000	0.1510148411
6.1666666667	0.1508780152
6.1833333333	0.1507416965
6.2000000000	0.1506058818
6.2166666667	0.1504705680
6.2333333333	0.1503357519
6.2500000000	0.1502014303
6.2666666667	0.1500676002
6.2833333333	0.1499342586
6.3000000000	0.1498014024
6.3166666667	0.1496690286
6.3333333333	0.1495371342
6.3500000000	0.1494057163
6.3666666667	0.1492747720
6.3833333333	0.1491442983
6.4000000000	0.1490142924
6.4166666667	0.1488847514
6.4333333333	0.1487556726
6.4500000000	0.1486270530
6.4666666667	0.1484988900
6.4833333333	0.1483711808
6.5000000000	0.1482439226
6.5166666667	0.1481171127
6.5333333333	0.1479907486
6.5500000000	0.1478648273
6.5666666667	0.1477393465
6.5833333333	0.1476143034
6.6000000000	0.1474896954
6.6166666667	0.1473655200
6.6333333333	0.1472417746
6.6500000000	0.1471184567
6.6666666667	0.1469955638
6.6833333333	0.1468730934
6.7000000000	0.1467510430
6.7166666667	0.1466294101
6.7333333333	0.1465081924
6.7500000000	0.1463873875
6.7666666667	0.1462669929
6.7833333333	0.1461470063
6.8000000000	0.1460274253
6.8166666667	0.1459082476
6.8333333333	0.1457894709
6.8500000000	0.1456710929
6.8666666667	0.1455531113
6.8833333333	0.1454355239
6.9000000000	0.1453183284
6.9166666667	0.1452015227
6.9333333333	0.1450851044
6.9500000000	0.1449690715
6.9666666667	0.1448534217
6.9833333333	0.1447381530
7.0000000000	0.1446232631
7.0166666667	0.1445087500
7.0333333333	0.1443946115
7.0500000000	0.1442808456
7.0666666667	0.1441674502
7.0833333333	0.1440544233
7.1000000000	0.1439417628
7.1166666667	0.1438294667
7.1333333333	0.1437175330
7.1500000000	0.1436059598
7.1666666667	0.1434947449
7.1833333333	0.1433838866
7.2000000000	0.1432733828
7.2166666667	0.1431632317
7.2333333333	0.1430534312
7.2500000000	0.1429439796
7.2666666667	0.1428348748
7.2833333333	0.1427261152
7.3000000000	0.1426176987
7.3166666667	0.1425096237
7.3333333333	0.1424018881
7.3500000000	0.1422944903
7.3666666667	0.1421874284
7.3833333333	0.1420807007
7.4000000000	0.1419743053
7.4166666667	0.1418682405
7.4333333333	0.1417625046
7.4500000000	0.1416570959
7.4666666667	0.1415520125
7.4833333333	0.1414472529
7.5000000000	0.1413428152
7.5166666667	0.1412386980
7.5333333333	0.1411348993
7.5500000000	0.1410314177
7.5666666667	0.1409282514
7.5833333333	0.1408253989
7.6000000000	0.1407228585
7.6166666667	0.1406206285
7.6333333333	0.1405187075
7.6500000000	0.1404170938
7.6666666667	0.1403157858
7.6833333333	0.1402147820
7.7000000000	0.1401140808
7.7166666667	0.1400136807
7.7333333333	0.1399135802
7.7500000000	0.1398137777
7.7666666667	0.1397142718
7.7833333333	0.1396150608
7.8000000000	0.1395161434
7.8166666667	0.1394175181
7.8333333333	0.1393191834
7.8500000000	0.1392211378
7.8666666667	0.1391233800
7.8833333333	0.1390259084
7.9000000000	0.1389287217
7.9166666667	0.1388318184
7.9333333333	0.1387351971
7.9500000000	0.1386388565
7.9666666667	0.1385427951
7.9833333333	0.1384470116
8.0000000000	0.1383515046
8.0166666667	0.1382562728
8.0333333333	0.1381613147
8.0500000000	0.1380666291
8.0666666667	0.1379722147
8.0833333333	0.1378780701
8.1000000000	0.1377841940
8.1166666667	0.1376905851
8.1333333333	0.1375972422
8.1500000000	0.1375041639
8.1666666667	0.1374113489
8.1833333333	0.1373187960
8.2000000000	0.1372265040
8.2166666667	0.1371344715
8.2333333333	0.1370426974
8.2500000000	0.1369511805
8.2666666667	0.1368599194
8.2833333333	0.1367689130
8.3000000000	0.1366781600
8.3166666667	0.1365876594
8.3333333333	0.1364974098
8.3500000000	0.1364074101
8.3666666667	0.1363176591
8.3833333333	0.1362281557
8.4000000000	0.1361388987
8.4166666667	0.1360498869
8.4333333333	0.1359611192
8.4500000000	0.1358725945
8.4666666667	0.1357843116
8.4833333333	0.1356962694
8.5000000000	0.1356084668
8.5166666667	0.1355209027
8.5333333333	0.1354335760
8.5500000000	0.1353464856
8.5666666667	0.1352596303
8.5833333333	0.1351730092
8.6000000000	0.1350866212
8.6166666667	0.1350004651
8.6333333333	0.1349145400
8.6500000000	0.1348288447
8.6666666667	0.1347433783
8.6833333333	0.1346581397
8.7000000000	0.1345731279
8.7166666667	0.1344883417
8.7333333333	0.1344037804
8.7500000000	0.1343194427
8.7666666667	0.1342353277
8.7833333333	0.1341514344
8.8000000000	0.1340677619
8.8166666667	0.1339843091
8.8333333333	0.1339010750
8.8500000000	0.1338180587
8.8666666667	0.1337352592
8.8833333333	0.1336526756
8.9000000000	0.1335703068
8.9166666667	0.1334881520
8.9333333333	0.1334062101
8.9500000000	0.1333244804
8.9666666667	0.1332429617
8.9833333333	0.1331616533
9.0000000000	0.1330805541
9.0166666667	0.1329996633
9.0333333333	0.1329189799
9.0500000000	0.1328385031
9.0666666667	0.1327582320
9.0833333333	0.1326781656
9.1000000000	0.1325983031
9.1166666667	0.1325186435
9.1333333333	0.1324391861
9.1500000000	0.1323599299
9.1666666667	0.1322808741
9.1833333333	0.1322020178
9.2000000000	0.1321233602
9.2166666667	0.1320449004
9.2333333333	0.1319666376
9.2500000000	0.1318885709
9.2666666667	0.1318106994
9.2833333333	0.1317330225
9.3000000000	0.1316555392
9.3166666667	0.1315782487
9.3333333333	0.1315011501
9.3500000000	0.1314242428
9.3666666667	0.1313475259
9.3833333333	0.1312709986
9.4000000000	0.1311946600
9.4166666667	0.1311185095
9.4333333333	0.1310425462
9.4500000000	0.1309667693
9.4666666667	0.1308911780
9.4833333333	0.1308157717
9.5000000000	0.1307405494
9.5166666667	0.1306655105
9.5333333333	0.1305906542
9.5500000000	0.1305159798
9.5666666667	0.1304414864
9.5833333333	0.1303671733
9.6000000000	0.1302930399
9.6166666667	0.1302190853
9.6333333333	0.1301453089
9.6500000000	0.1300717099
9.6666666667	0.1299982875
9.6833333333	0.1299250411
9.7000000000	0.1298519699
9.7166666667	0.1297790733
9.7333333333	0.1297063505
9.7500000000	0.1296338008
9.7666666667	0.1295614235
9.7833333333	0.1294892179
9.8000000000	0.1294171834
9.8166666667	0.1293453192
9.8333333333	0.1292736247
9.8500000000	0.1292020991
9.8666666667	0.1291307419
9.8833333333	0.1290595522
9.9000000000	0.1289885296
9.9166666667	0.1289176732
9.9333333333	0.1288469824
9.9500000000	0.1287764567
9.9666666667	0.1287060952
9.9833333333	0.1286358975
10.0000000000	0.1285658627
10.0166666667	0.1284959904
10.0333333333	0.1284262797
10.0500000000	0.1283567302
10.0666666667	0.1282873412
10.0833333333	0.1282181120
10.1000000000	0.1281490420
10.1166666667	0.1280801306
10.1333333333	0.1280113773
10.1500000000	0.1279427812
10.1666666667	0.1278743420
10.1833333333	0.1278060588
10.2000000000	0.1277379312
10.2166666667	0.1276699586
10.2333333333	0.1276021403
10.2500000000	0.1275344757
10.2666666667	0.1274669643
10.2833333333	0.1273996055
10.3000000000	0.1273323986
10.3166666667	0.1272653432
10.3333333333	0.1271984385
10.3500000000	0.1271316841
10.3666666667	0.1270650794
10.3833333333	0.1269986237
10.4000000000	0.1269323166
10.4166666667	0.1268661575
10.4333333333	0.1268001458
10.4500000000	0.1267342809
10.4666666667	0.1266685623
10.4833333333	0.1266029895
10.5000000000	0.1265375619
10.5166666667	0.1264722789
10.5333333333	0.1264071400
10.5500000000	0.1263421447
10.5666666667	0.1262772924
10.5833333333	0.1262125826
10.6000000000	0.1261480148
10.6166666667	0.1260835884
10.6333333333	0.1260193029
10.6500000000	0.1259551578
10.6666666667	0.1258911526
10.6833333333	0.1258272867
10.7000000000	0.1257635597
10.7166666667	0.1256999709
10.7333333333	0.1256365200
10.7500000000	0.1255732064
10.7666666667	0.1255100296
10.7833333333	0.1254469890
10.8000000000	0.1253840843
10.8166666667	0.1253213149
10.8333333333	0.1252586803
10.8500000000	0.1251961800
10.8666666667	0.1251338135
10.8833333333	0.1250715803
10.9000000000	0.1250094800
10.9166666667	0.1249475121
10.9333333333	0.1248856761
10.9500000000	0.1248239715
10.9666666667	0.1247623978
10.9833333333	0.1247009547
11.0000000000	0.1246396415
11.0166666667	0.1245784578
11.0333333333	0.1245174032
11.0500000000	0.1244564773
11.0666666667	0.1243956795
11.0833333333	0.1243350093
11.1000000000	0.1242744664
11.1166666667	0.1242140503
11.1333333333	0.1241537606
11.1500000000	0.1240935967
11.1666666667	0.1240335582
11.1833333333	0.1239736447
11.2000000000	0.1239138558
11.2166666667	0.1238541910
11.2333333333	0.1237946499
11.2500000000	0.1237352320
11.2666666667	0.1236759370
11.2833333333	0.1236167643
11.3000000000	0.1235577135
11.3166666667	0.1234987843
11.3333333333	0.1234399761
11.3500000000	0.1233812887
11.3666666667	0.1233227214
11.3833333333	0.1232642741
11.4000000000	0.1232059461
11.4166666667	0.1231477372
11.4333333333	0.1230896468
11.4500000000	0.1230316746
11.4666666667	0.1229738202
11.4833333333	0.1229160832
11.5000000000	0.1228584631
11.5166666667	0.1228009596
11.5333333333	0.1227435722
11.5500000000	0.1226863006
11.5666666667	0.1226291444
11.5833333333	0.1225721031
11.6000000000	0.1225151764
11.6166666667	0.1224583640
11.6333333333	0.1224016653
11.6500000000	0.1223450800
11.6666666667	0.1222886077
11.6833333333	0.1222322481
11.7000000000	0.1221760008
11.7166666667	0.1221198653
11.7333333333	0.1220638414
11.7500000000	0.1220079285
11.7666666667	0.1219521265
11.7833333333	0.1218964348
11.8000000000	0.1218408531
11.8166666667	0.1217853811
11.8333333333	0.1217300183
11.8500000000	0.1216747645
11.8666666667	0.1216196192
11.8833333333	0.1215645821
11.9000000000	0.1215096528
11.9166666667	0.1214548310
11.9333333333	0.1214001162
11.9500000000	0.1213455083
11.9666666667	0.1212910067
11.9833333333	0.1212366112
12.0000000000	0.1211823214
12.0166666667	0.1211281370
12.0333333333	0.1210740575
12.0500000000	0.1210200827
12.0666666667	0.1209662122
12.0833333333	0.1209124457
12.1000000000	0.1208587828
12.1166666667	0.1208052232
12.1333333333	0.1207517666
12.1500000000	0.1206984126
12.1666666667	0.1206451608
12.1833333333	0.1205920110
12.2000000000	0.1205389629
12.2166666667	0.1204860160
12.2333333333	0.1204331701
12.2500000000	0.1203804248
12.2666666667	0.1203277798
12.2833333333	0.1202752349
12.3000000000	0.1202227896
12.3166666667	0.1201704436
12.3333333333	0.1201181966
12.3500000000	0.1200660484
12.3666666667	0.1200139985
12.3833333333	0.1199620467
12.4000000000	0.1199101927
12.4166666667	0.1198584362
12.4333333333	0.1198067767
12.4500000000	0.1197552141
12.4666666667	0.1197037480
12.4833333333	0.1196523782
12.5000000000	0.1196011042
12.5166666667	0.1195499258
12.5333333333	0.1194988428
12.5500000000	0.1194478547
12.5666666667	0.1193969614
12.5833333333	0.1193461624
12.6000000000	0.1192954575
12.6166666667	0.1192448465
12.6333333333	0.1191943290
12.6500000000	0.1191439047
12.6666666667	0.1190935733
12.6833333333	0.1190433346
12.7000000000	0.1189931882
12.7166666667	0.1189431338
12.7333333333	0.1188931713
12.7500000000	0.1188433002
12.7666666667	0.1187935204
12.7833333333	0.1187438314
12.8000000000	0.1186942331
12.8166666667	0.1186447252
12.8333333333	0.1185953073
12.8500000000	0.1185459793
12.8666666667	0.1184967407
12.8833333333	0.1184475915
12.9000000000	0.1183985311
12.9166666667	0.1183495595
12.9333333333	0.1183006764
12.9500000000	0.1182518813
12.9666666667	0.1182031742
12.9833333333	0.1181545547
13.0000000000	0.1181060225
13.0166666667	0.1180575774
13.0333333333	0.1180092192
13.0500000000	0.1179609475
13.0666666667	0.1179127621
13.0833333333	0.1178646627
13.1000000000	0.1178166491
13.1166666667	0.1177687210
13.1333333333	0.1177208782
13.1500000000	0.1176731203
13.1666666667	0.1176254472
13.1833333333	0.1175778586
13.2000000000	0.1175303542
13.2166666667	0.1174829338
13.2333333333	0.1174355971
13.2500000000	0.1173883439
13.2666666667	0.1173411739
13.2833333333	0.1172940869
13.3000000000	0.1172470826
13.3166666667	0.1172001608
13.3333333333	0.1171533212
13.3500000000	0.1171065637
13.3666666667	0.1170598878
13.3833333333	0.1170132935
13.4000000000	0.1169667804
13.4166666667	0.1169203484
13.4333333333	0.1168739972
13.4500000000	0.1168277265
13.4666666667	0.1167815361
13.4833333333	0.1167354257
13.5000000000	0.1166893952
13.5166666667	0.1166434444
13.5333333333	0.1165975728
13.5500000000	0.1165517805
13.5666666667	0.1165060670
13.5833333333	0.1164604322
13.6000000000	0.1164148758
13.6166666667	0.1163693977
13.6333333333	0.1163239975
13.6500000000	0.1162786751
13.6666666667	0.1162334302
13.6833333333	0.1161882627
13.7000000000	0.1161431722
13.7166666667	0.1160981586
13.7333333333	0.1160532216
13.7500000000	0.1160083610
13.7666666667	0.1159635767
13.7833333333	0.1159188683
13.8000000000	0.1158742356
13.8166666667	0.1158296786
13.8333333333	0.1157851968
13.8500000000	0.1157407901
13.8666666667	0.1156964584
13.8833333333	0.1156522013
13.9000000000	0.1156080187
13.9166666667	0.1155639103
13.9333333333	0.1155198760
13.9500000000	0.1154759155
13.9666666667	0.1154320286
13.9833333333	0.1153882152
14.0000000000	0.1153444749
14.0166666667	0.1153008076
14.0333333333	0.1152572132
14.0500000000	0.1152136913
14.0666666667	0.1151702417
14.0833333333	0.1151268644
14.1000000000	0.1150835590
14.1166666667	0.1150403254
14.1333333333	0.1149971634
14.1500000000	0.1149540727
14.1666666667	0.1149110532
14.1833333333	0.1148681046
14.2000000000	0.1148252268
14.2166666667	0.1147824196
14.2333333333	0.1147396828
14.2500000000	0.1146970161
14.2666666667	0.1146544194
14.2833333333	0.1146118925
14.3000000000	0.1145694352
14.3166666667	0.1145270473
14.3333333333	0.1144847286
14.3500000000	0.1144424789
14.3666666667	0.1144002980
14.3833333333	0.1143581857
14.4000000000	0.1143161419
14.4166666667	0.1142741664
14.4333333333	0.1142322589
14.4500000000	0.1141904193
14.4666666667	0.1141486474
14.4833333333	0.1141069430
14.5000000000	0.1140653059
14.5166666667	0.1140237360
14.5333333333	0.1139822330
14.5500000000	0.1139407968
14.5666666667	0.1138994272
14.5833333333	0.1138581239
14.6000000000	0.1138168869
14.6166666667	0.1137757160
14.6333333333	0.1137346109
14.6500000000	0.1136935715
14.6666666667	0.1136525976
14.6833333333	0.1136116891
14.7000000000	0.1135708457
14.7166666667	0.1135300673
14.7333333333	0.1134893536
14.7500000000	0.1134487047
14.7666666667	0.1134081201
14.7833333333	0.1133675999
14.8000000000	0.1133271437
14.8166666667	0.1132867515
14.8333333333	0.1132464231
14.8500000000	0.1132061583
14.8666666667	0.1131659569
14.8833333333	0.1131258187
14.9000000000	0.1130857436
14.9166666667	0.1130457315
14.9333333333	0.1130057821
14.9500000000	0.1129658952
14.9666666667	0.1129260708
14.9833333333	0.1128863087
15.0000000000	0.1128466086
15.0166666667	0.1128069705
15.0333333333	0.1127673941
15.0500000000	0.1127278793
15.0666666667	0.1126884260
15.0833333333	0.1126490339
15.1000000000	0.1126097029
15.1166666667	0.1125704329
15.1333333333	0.1125312237
15.1500000000	0.1124920751
15.1666666667	0.1124529869
15.1833333333	0.1124139591
15.2000000000	0.1123749914
15.2166666667	0.1123360838
15.2333333333	0.1122972359
15.2500000000	0.1122584478
15.2666666667	0.1122197191
15.2833333333	0.1121810499
15.3000000000	0.1121424399
15.3166666667	0.1121038889
15.3333333333	0.1120653968
15.3500000000	0.1120269635
15.3666666667	0.1119885888
15.3833333333	0.1119502726
15.4000000000	0.1119120147
15.4166666667	0.1118738149
15.4333333333	0.1118356731
15.4500000000	0.1117975892
15.4666666667	0.1117595630
15.4833333333	0.1117215943
15.5000000000	0.1116836831
15.5166666667	0.1116458291
15.5333333333	0.1116080322
15.5500000000	0.1115702923
15.5666666667	0.1115326093
15.5833333333	0.1114949829
15.6000000000	0.1114574130
15.6166666667	0.1114198995
15.6333333333	0.1113824423
15.6500000000	0.1113450412
15.6666666667	0.1113076960
15.6833333333	0.1112704067
15.7000000000	0.1112331730
15.7166666667	0.1111959949
15.7333333333	0.1111588721
15.7500000000	0.1111218047
15.7666666667	0.1110847923
15.7833333333	0.1110478349
15.8000000000	0.1110109324
15.8166666667	0.1109740845
15.8333333333	0.1109372912
15.8500000000	0.1109005524
15.8666666667	0.1108638678
15.8833333333	0.1108272374
15.9000000000	0.1107906610
15.9166666667	0.1107541385
15.9333333333	0.1107176697
15.9500000000	0.1106812546
15.9666666667	0.1106448929
15.9833333333	0.1106085846
16.0000000000	0.1105723295
16.0166666667	0.1105361275
16.0333333333	0.1104999784
16.0500000000	0.1104638821
16.0666666667	0.1104278386
16.0833333333	0.1103918476
16.1000000000	0.1103559090
16.1166666667	0.1103200227
16.1333333333	0.1102841886
16.1500000000	0.1102484065
16.1666666667	0.5823500548
16.1833333333	0.5823472292
16.2000000000	0.5823579874
16.2166666667	0.5823710868
16.2333333333	0.5823848762
16.2500000000	0.5823991195
16.2666666667	0.5824137944
16.2833333333	0.5824289130
16.3000000000	0.5824444942
16.3166666667	0.5824605590
16.3333333333	0.5824771303
16.3500000000	0.5824942321
16.3666666667	0.5825118902
16.3833333333	0.5825301322
16.4000000000	0.5825489874
16.4166666667	0.5825684869
16.4333333333	0.5825886643
16.4500000000	0.5826095554
16.4666666667	0.5826311984
16.4833333333	0.5826536346
16.5000000000	0.5826769081
16.5166666667	0.5221464523
16.5333333333	0.5040192140
16.5500000000	0.4867355320
16.5666666667	0.4702851009
16.5833333333	0.4546495461
16.6000000000	0.4398043430
16.6166666667	0.4257211373
16.6333333333	0.4123694051
16.6500000000	0.3997175665
16.6666666667	0.3877337278
16.6833333333	0.3763861813
16.7000000000	0.3656437432
16.7166666667	0.3554759825
16.7333333333	0.3458533769
16.7500000000	0.3367474148
16.7666666667	0.3281306618
16.7833333333	0.3199767992
16.8000000000	0.3122606426
16.8166666667	0.3049581456
16.8333333333	0.2980463925
16.8500000000	0.2915035815
16.8666666667	0.2853090020
16.8833333333	0.2794430063
16.9000000000	0.2738869778
16.9166666667	0.2686232958
16.9333333333	0.2636352993
16.9500000000	0.2589072480
16.9666666667	0.2544242836
16.9833333333	0.2501723902
17.0000000000	0.2461383550
17.0166666667	0.2423097292
17.0333333333	0.2386747891
17.0500000000	0.2352224989
17.0666666667	0.2319424737
17.0833333333	0.2288249440
17.1000000000	0.2258607214
17.1166666667	0.2230411655
17.1333333333	0.2203581524
17.1500000000	0.2178040441
17.1666666667	0.2153716600
17.1833333333	0.2130542494
17.2000000000	0.2108454653
17.2166666667	0.2087393399
17.2333333333	0.2067302614
17.2500000000	0.2048129518
17.2666666667	0.2029824460
17.2833333333	0.2012340730
17.3000000000	0.1995634368
17.3166666667	0.1979663995
17.3333333333	0.1964390653
17.3500000000	0.1949777649
17.3666666667	0.1935790417
17.3833333333	0.1922396384
17.4000000000	0.1909564843
17.4166666667	0.1897266843
17.4333333333	0.1885475071
17.4500000000	0.1874163758
17.4666666667	0.1863308581
17.4833333333	0.1852886571
17.5000000000	0.1842876038
17.5166666667	0.1833256483
17.5333333333	0.1824008535
17.5500000000	0.1815113876
17.5666666667	0.1806555182
17.5833333333	0.1798316061
17.6000000000	0.1790381001
17.6166666667	0.1782735315
17.6333333333	0.1775365093
17.6500000000	0.1768257158
17.6666666667	0.1761399024
17.6833333333	0.1754778853
17.7000000000	0.1748385423
17.7166666667	0.1742208088
17.7333333333	0.1736236748
17.7500000000	0.1730461818
17.7666666667	0.1724874201
17.7833333333	0.1719465258
17.8000000000	0.1714226784
17.8166666667	0.1709150985
17.8333333333	0.1704230455
17.8500000000	0.1699458155
17.8666666667	0.1694827394
17.8833333333	0.1690331808
17.9000000000	0.1685965348
17.9166666667	0.1681722257
17.9333333333	0.1677597059
17.9500000000	0.1673584543
17.9666666667	0.1669679748
17.9833333333	0.1665877954
18.0000000000	0.1662174665
18.0166666667	0.1658565599
18.0333333333	0.1655046680
18.0500000000	0.1651614023
18.0666666667	0.1648263929
18.0833333333	0.1644992871
18.1000000000	0.1641797490
18.1166666667	0.1638674583
18.1333333333	0.1635621098
18.1500000000	0.1632634123
18.1666666667	0.1629710883
18.1833333333	0.1626848733
18.2000000000	0.1624045149
18.2166666667	0.1621297722
18.2333333333	0.1618604157
18.2500000000	0.1615962263
18.2666666667	0.1613369949
18.2833333333	0.1610825221
18.3000000000	0.1608326174
18.3166666667	0.1605870992
18.3333333333	0.1603457941
18.3500000000	0.1601085364
18.3666666667	0.1598751681
18.3833333333	0.1596455383
18.4000000000	0.1594195029
18.4166666667	0.1591969242
18.4333333333	0.1589776708
18.4500000000	0.1587616171
18.4666666667	0.1585486433
18.4833333333	0.1583386346
18.5000000000	0.1581314817
18.5166666667	0.1579270800
18.5333333333	0.1577253295
18.5500000000	0.1575261347
18.5666666667	0.1573294042
18.5833333333	0.1571350509
18.6000000000	0.1569429913
18.6166666667	0.1567531456
18.6333333333	0.1565654376
18.6500000000	0.1563797943
18.6666666667	0.1561961462
18.6833333333	0.1560144263
18.7000000000	0.1558345710
18.7166666667	0.1556565193
18.7333333333	0.1554802126
18.7500000000	0.1553055953
18.7666666667	0.1551326138
18.7833333333	0.1549612170
18.8000000000	0.1547913559
18.8166666667	0.1546229837
18.8333333333	0.1544560554
18.8500000000	0.1542905282
18.8666666667	0.1541263608
18.8833333333	0.1539635139
18.9000000000	0.1538019497
18.9166666667	0.1536416321
18.9333333333	0.1534825264
18.9500000000	0.1533245995
18.9666666667	0.1531678195
18.9833333333	0.1530121560
19.0000000000	0.1528575796
19.0166666667	0.1527040624
19.0333333333	0.1525515775
19.0500000000	0.1524000992
19.0666666667	0.1522496026
19.0833333333	0.1521000640
19.1000000000	0.1519514607
19.1166666667	0.1518037708
19.1333333333	0.1516569733
19.1500000000	0.1515110481
19.1666666667	0.5830058583
19.1833333333	0.5830288852
19.2000000000	0.5830660948
19.2166666667	0.5831071266
19.2333333333	0.5831505574
19.2500000000	0.5831963073
19.2666666667	0.5832445170
19.2833333333	0.5832953797
19.3000000000	0.5833491166
19.3166666667	0.5834059757
19.3333333333	0.5834662342
19.3500000000	0.5835302031
19.3666666667	0.5835982321
19.3833333333	0.5836707160
19.4000000000	0.5837481016
19.4166666667	0.5838308970
19.4333333333	0.5839196825
19.4500000000	0.5840151228
19.4666666667	0.5841179838
19.4833333333	0.5842291518
19.5000000000	0.5843496578
19.5166666667	0.5844807076
19.5333333333	0.5846237203
19.5500000000	0.5847803763
19.5666666667	0.5849526787
19.5833333333	0.5851430332
19.6000000000	0.5853543509
19.6166666667	0.5855901836
19.6333333333	0.5858549032
19.6500000000	0.5861539402
19.6666666667	0.5864941040
19.6833333333	0.5868840133
19.7000000000	0.5873346711
19.7166666667	0.5878602145
19.7333333333	0.5884788241
19.7500000000	0.5462913152
19.7666666667	0.5229899664
19.7833333333	0.5169857375
19.8000000000	0.5146955535
19.8166666667	0.5136478079
19.8333333333	0.5131119089
19.8500000000	0.5128154912
19.8666666667	0.5126417100
19.8833333333	0.5125352488
19.9000000000	0.5124678400
19.9166666667	0.5124241020
19.9333333333	0.5123952121
19.9500000000	0.5123758835
19.9666666667	0.5123628335
19.9833333333	0.5123539656
20.0000000000	0.5123479125
20.0166666667	0.5123437677
20.0333333333	0.5123409234
20.0500000000	0.5123389687
20.0666666667	0.5123376238
20.0833333333	0.5123366978
20.1000000000	0.5123360600
20.1166666667	0.5123356205
20.1333333333	0.5123353176
20.1500000000	0.5123351088
20.1666666667	0.5123349649
20.1833333333	0.5123348656
20.2000000000	0.5123347972
20.2166666667	0.5123347500
20.2333333333	0.5123347174
20.2500000000	0.5123346950
20.2666666667	0.5123346795
20.2833333333	0.5123346688
20.3000000000	0.5123346615
20.3166666667	0.5123346564
20.3333333333	0.5123346529
20.3500000000	0.5123346505
20.3666666667	0.5123346488
20.3833333333	0.5123346477
20.4000000000	0.5123346469
20.4166666667	0.5123346463
20.4333333333	0.5123346460
20.4500000000	0.5123346457
20.4666666667	0.5123346455
20.4833333333	0.5123346454
20.5000000000	0.5123346453
20.5166666667	0.5052556521
20.5333333333	0.5019845883
20.5500000000	0.4985895376
20.5666666667	0.4949903444
20.5833333333	0.4912086515
20.6000000000	0.4872660050
20.6166666667	0.4831836360
20.6333333333	0.4789822250
20.6500000000	0.4746816904
20.6666666667	0.4703010130
20.6833333333	0.4658580979
20.7000000000	0.4612366958
20.7166666667	0.4566960350
20.7333333333	0.4521412980
20.7500000000	0.4475853084
20.7666666667	0.4430396315
20.7833333333	0.4385146150
20.8000000000	0.4340194419
20.8166666667	0.4295621916
20.8333333333	0.4251499093
20.8500000000	0.4207886794
20.8666666667	0.4164837003
20.8833333333	0.4122393598
20.9000000000	0.4080593082
20.9166666667	0.4039465293
20.9333333333	0.3999034077
20.9500000000	0.3959317919
20.9666666667	0.3920330538
20.9833333333	0.3882081425
21.0000000000	0.3844576352
